18CE001 89 65 58 94 76
18CE002 59 68 48 87 36
18CE003 89 65 100 59 95 
18CE004 89 98 96 89 85
18CE005 84 65 95 100 91
18CL001 86 59 68 92 83
18CL002 100 65 77 75 93
18CL003 61 83 67 92 100
18CL004 45 63 26 53 71
18CL005 84 96 45 59 37
18DCE001 85 75 95 86 74
18DCE002 84 91 83 75 81
18DCE003 100 69 86 74 100
18DCE004 86 93 92 91 76
18DCE005 85 76 94 91 75
18DCS001 92 100 94 89 100
18DCS002 100 95 100 100 90
18DCS003 100 78 82 85 79
18DCS004 78 100 81 78 83
18DCS005 78 100 89 68 91
18DIT001 89 67 79 64 98
18DIT002 78 69 94 85 49
18DIT003 78 98 86 71 83 
18DIT004 78 79 100 73 81
18DIT005 75 65 69 84 92
18EE001 100 68 75 68 82
18EE002 89 83 75 79 64
18EE003 65 78 100 83 86 
18EE004 84 56 79 92 59
18EE005 87 59 86 100 63
18IT001 100 85 76 94 91
18IT002 100 93 95 76 86
18IT003 82 85 76 92 91
18IT004 98 96 81 83 87 
18IT005 91 100 68 79 98
18ME001 87 78 98 89 69
18ME002 69 85 74 91 82
18ME003 85 96 84 75 91 
18ME004 83 92 71 82 100
18ME005 100 85 94 76 100
